Py Solution
============
0.04253332
0.07466081
0.10049564
0.12197146
0.14014555
0.15566759
0.16897184
0.18036620
0.19007799
0.19827955
0.20510354
0.21065256
0.21500542
0.21822130
0.22034255
0.22139647
0.22139647
0.22034255
0.21822130
0.21500542
0.21065256
0.20510354
0.19827955
0.19007799
0.18036620
0.16897184
0.15566759
0.14014555
0.12197146
0.10049564
0.07466081
0.04253332
0.07466081
0.13480263
0.18453863
0.22643299
0.26213151
0.29274131
0.31904190
0.34160331
0.36085457
0.37712502
0.39067039
0.40168962
0.41033616
0.41672559
0.42094076
0.42303521
0.42303521
0.42094076
0.41672559
0.41033616
0.40168962
0.39067039
0.37712502
0.36085457
0.34160331
0.31904190
0.29274131
0.26213151
0.22643299
0.18453863
0.13480263
0.07466081
0.10049564
0.18453863
0.25561159
0.31627872
0.36839454
0.41331259
0.45203949
0.48533893
0.51380028
0.53788393
0.55795173
0.57428771
0.58711235
0.59659247
0.60284804
0.60595674
0.60595674
0.60284804
0.59659247
0.58711235
0.57428771
0.55795173
0.53788393
0.51380028
0.48533893
0.45203949
0.41331259
0.36839454
0.31627872
0.25561159
0.18453863
0.10049564
0.12197146
0.22643299
0.31627872
0.39386412
0.46104368
0.51926335
0.56965287
0.61310100
0.65031205
0.68184702
0.70815322
0.72958549
0.74642142
0.75887226
0.76709054
0.77117531
0.77117531
0.76709054
0.75887226
0.74642142
0.72958549
0.70815322
0.68184702
0.65031205
0.61310100
0.56965287
0.51926335
0.46104368
0.39386412
0.31627872
0.22643299
0.12197146
0.14014555
0.26213151
0.36839454
0.46104368
0.54184106
0.61223261
0.67339599
0.72628849
0.77168823
0.81022723
0.84241701
0.86866796
0.88930393
0.90457294
0.91465490
0.91966699
0.91966699
0.91465490
0.90457294
0.88930393
0.86866796
0.84241701
0.81022723
0.77168823
0.72628849
0.67339599
0.61223261
0.54184106
0.46104368
0.36839454
0.26213151
0.14014555
0.15566759
0.29274131
0.41331259
0.51926335
0.61223261
0.69361839
0.76459835
0.82615708
0.87911349
0.92414502
0.96180796
0.99255374
1.01674174
1.03464900
1.04647748
1.05235912
1.05235912
1.04647748
1.03464900
1.01674174
0.99255374
0.96180796
0.92414502
0.87911349
0.82615708
0.76459835
0.69361839
0.61223261
0.51926335
0.41331259
0.29274131
0.15566759
0.16897184
0.31904190
0.45203949
0.56965287
0.67339599
0.76459835
0.84441026
0.91381635
0.97365198
1.02461974
1.06730440
1.10218566
1.12964865
1.14999220
1.16343523
1.17012123
1.17012123
1.16343523
1.14999220
1.12964865
1.10218566
1.06730440
1.02461974
0.97365198
0.91381635
0.84441026
0.76459835
0.67339599
0.56965287
0.45203949
0.31904190
0.16897184
0.18036620
0.34160331
0.48533893
0.61310100
0.72628849
0.82615708
0.91381635
0.99023443
1.05624667
1.11256591
1.15979259
1.19842420
1.22886333
1.25142428
1.26633836
1.27375769
1.27375769
1.26633836
1.25142428
1.22886333
1.19842420
1.15979259
1.11256591
1.05624667
0.99023443
0.91381635
0.82615708
0.72628849
0.61310100
0.48533893
0.34160331
0.18036620
0.19007799
0.36085457
0.51380028
0.65031205
0.77168823
0.87911349
0.97365198
1.05624667
1.12772273
1.18879297
1.24006419
1.28204359
1.31514452
1.33969157
1.35592459
1.36400181
1.36400181
1.35592459
1.33969157
1.31514452
1.28204359
1.24006419
1.18879297
1.12772273
1.05624667
0.97365198
0.87911349
0.77168823
0.65031205
0.51380028
0.36085457
0.19007799
0.19827955
0.37712502
0.53788393
0.68184702
0.81022723
0.92414502
1.02461974
1.11256591
1.18879297
1.25400738
1.30881597
1.35372978
1.38916794
1.41546122
1.43285499
1.44151150
1.44151150
1.43285499
1.41546122
1.38916794
1.35372978
1.30881597
1.25400738
1.18879297
1.11256591
1.02461974
0.92414502
0.81022723
0.68184702
0.53788393
0.37712502
0.19827955
0.20510354
0.39067039
0.55795173
0.70815322
0.84241701
0.96180796
1.06730440
1.15979259
1.24006419
1.30881597
1.36665087
1.41407995
1.45152459
1.47931874
1.49771097
1.50686604
1.50686604
1.49771097
1.47931874
1.45152459
1.41407995
1.36665087
1.30881597
1.24006419
1.15979259
1.06730440
0.96180796
0.84241701
0.70815322
0.55795173
0.39067039
0.20510354
0.21065256
0.40168962
0.57428771
0.72958549
0.86866796
0.99255374
1.10218566
1.19842420
1.28204359
1.35372978
1.41407995
1.46360292
1.50272006
1.53176653
1.55099247
1.56056400
1.56056400
1.55099247
1.53176653
1.50272006
1.46360292
1.41407995
1.35372978
1.28204359
1.19842420
1.10218566
0.99255374
0.86866796
0.72958549
0.57428771
0.40168962
0.21065256
0.21500542
0.41033616
0.58711235
0.74642142
0.88930393
1.01674174
1.12964865
1.22886333
1.31514452
1.38916794
1.45152459
1.50272006
1.54317454
1.57322320
1.59311671
1.60302184
1.60302184
1.59311671
1.57322320
1.54317454
1.50272006
1.45152459
1.38916794
1.31514452
1.22886333
1.12964865
1.01674174
0.88930393
0.74642142
0.58711235
0.41033616
0.21500542
0.21822130
0.41672559
0.59659247
0.75887226
0.90457294
1.03464900
1.14999220
1.25142428
1.33969157
1.41546122
1.47931874
1.53176653
1.57322320
1.60402336
1.62441769
1.63457315
1.63457315
1.62441769
1.60402336
1.57322320
1.53176653
1.47931874
1.41546122
1.33969157
1.25142428
1.14999220
1.03464900
0.90457294
0.75887226
0.59659247
0.41672559
0.21822130
0.22034255
0.42094076
0.60284804
0.76709054
0.91465490
1.04647748
1.16343523
1.26633836
1.35592459
1.43285499
1.49771097
1.55099247
1.59311671
1.62441769
1.64514589
1.65546826
1.65546826
1.64514589
1.62441769
1.59311671
1.55099247
1.49771097
1.43285499
1.35592459
1.26633836
1.16343523
1.04647748
0.91465490
0.76709054
0.60284804
0.42094076
0.22034255
0.22139647
0.42303521
0.60595674
0.77117531
0.91966699
1.05235912
1.17012123
1.27375769
1.36400181
1.44151150
1.50686604
1.56056400
1.60302184
1.63457315
1.65546826
1.66587409
1.66587409
1.65546826
1.63457315
1.60302184
1.56056400
1.50686604
1.44151150
1.36400181
1.27375769
1.17012123
1.05235912
0.91966699
0.77117531
0.60595674
0.42303521
0.22139647
0.22139647
0.42303521
0.60595674
0.77117531
0.91966699
1.05235912
1.17012123
1.27375769
1.36400181
1.44151150
1.50686604
1.56056400
1.60302184
1.63457315
1.65546826
1.66587409
1.66587409
1.65546826
1.63457315
1.60302184
1.56056400
1.50686604
1.44151150
1.36400181
1.27375769
1.17012123
1.05235912
0.91966699
0.77117531
0.60595674
0.42303521
0.22139647
0.22034255
0.42094076
0.60284804
0.76709054
0.91465490
1.04647748
1.16343523
1.26633836
1.35592459
1.43285499
1.49771097
1.55099247
1.59311671
1.62441769
1.64514589
1.65546826
1.65546826
1.64514589
1.62441769
1.59311671
1.55099247
1.49771097
1.43285499
1.35592459
1.26633836
1.16343523
1.04647748
0.91465490
0.76709054
0.60284804
0.42094076
0.22034255
0.21822130
0.41672559
0.59659247
0.75887226
0.90457294
1.03464900
1.14999220
1.25142428
1.33969157
1.41546122
1.47931874
1.53176653
1.57322320
1.60402336
1.62441769
1.63457315
1.63457315
1.62441769
1.60402336
1.57322320
1.53176653
1.47931874
1.41546122
1.33969157
1.25142428
1.14999220
1.03464900
0.90457294
0.75887226
0.59659247
0.41672559
0.21822130
0.21500542
0.41033616
0.58711235
0.74642142
0.88930393
1.01674174
1.12964865
1.22886333
1.31514452
1.38916794
1.45152459
1.50272006
1.54317454
1.57322320
1.59311671
1.60302184
1.60302184
1.59311671
1.57322320
1.54317454
1.50272006
1.45152459
1.38916794
1.31514452
1.22886333
1.12964865
1.01674174
0.88930393
0.74642142
0.58711235
0.41033616
0.21500542
0.21065256
0.40168962
0.57428771
0.72958549
0.86866796
0.99255374
1.10218566
1.19842420
1.28204359
1.35372978
1.41407995
1.46360292
1.50272006
1.53176653
1.55099247
1.56056400
1.56056400
1.55099247
1.53176653
1.50272006
1.46360292
1.41407995
1.35372978
1.28204359
1.19842420
1.10218566
0.99255374
0.86866796
0.72958549
0.57428771
0.40168962
0.21065256
0.20510354
0.39067039
0.55795173
0.70815322
0.84241701
0.96180796
1.06730440
1.15979259
1.24006419
1.30881597
1.36665087
1.41407995
1.45152459
1.47931874
1.49771097
1.50686604
1.50686604
1.49771097
1.47931874
1.45152459
1.41407995
1.36665087
1.30881597
1.24006419
1.15979259
1.06730440
0.96180796
0.84241701
0.70815322
0.55795173
0.39067039
0.20510354
0.19827955
0.37712502
0.53788393
0.68184702
0.81022723
0.92414502
1.02461974
1.11256591
1.18879297
1.25400738
1.30881597
1.35372978
1.38916794
1.41546122
1.43285499
1.44151150
1.44151150
1.43285499
1.41546122
1.38916794
1.35372978
1.30881597
1.25400738
1.18879297
1.11256591
1.02461974
0.92414502
0.81022723
0.68184702
0.53788393
0.37712502
0.19827955
0.19007799
0.36085457
0.51380028
0.65031205
0.77168823
0.87911349
0.97365198
1.05624667
1.12772273
1.18879297
1.24006419
1.28204359
1.31514452
1.33969157
1.35592459
1.36400181
1.36400181
1.35592459
1.33969157
1.31514452
1.28204359
1.24006419
1.18879297
1.12772273
1.05624667
0.97365198
0.87911349
0.77168823
0.65031205
0.51380028
0.36085457
0.19007799
0.18036620
0.34160331
0.48533893
0.61310100
0.72628849
0.82615708
0.91381635
0.99023443
1.05624667
1.11256591
1.15979259
1.19842420
1.22886333
1.25142428
1.26633836
1.27375769
1.27375769
1.26633836
1.25142428
1.22886333
1.19842420
1.15979259
1.11256591
1.05624667
0.99023443
0.91381635
0.82615708
0.72628849
0.61310100
0.48533893
0.34160331
0.18036620
0.16897184
0.31904190
0.45203949
0.56965287
0.67339599
0.76459835
0.84441026
0.91381635
0.97365198
1.02461974
1.06730440
1.10218566
1.12964865
1.14999220
1.16343523
1.17012123
1.17012123
1.16343523
1.14999220
1.12964865
1.10218566
1.06730440
1.02461974
0.97365198
0.91381635
0.84441026
0.76459835
0.67339599
0.56965287
0.45203949
0.31904190
0.16897184
0.15566759
0.29274131
0.41331259
0.51926335
0.61223261
0.69361839
0.76459835
0.82615708
0.87911349
0.92414502
0.96180796
0.99255374
1.01674174
1.03464900
1.04647748
1.05235912
1.05235912
1.04647748
1.03464900
1.01674174
0.99255374
0.96180796
0.92414502
0.87911349
0.82615708
0.76459835
0.69361839
0.61223261
0.51926335
0.41331259
0.29274131
0.15566759
0.14014555
0.26213151
0.36839454
0.46104368
0.54184106
0.61223261
0.67339599
0.72628849
0.77168823
0.81022723
0.84241701
0.86866796
0.88930393
0.90457294
0.91465490
0.91966699
0.91966699
0.91465490
0.90457294
0.88930393
0.86866796
0.84241701
0.81022723
0.77168823
0.72628849
0.67339599
0.61223261
0.54184106
0.46104368
0.36839454
0.26213151
0.14014555
0.12197146
0.22643299
0.31627872
0.39386412
0.46104368
0.51926335
0.56965287
0.61310100
0.65031205
0.68184702
0.70815322
0.72958549
0.74642142
0.75887226
0.76709054
0.77117531
0.77117531
0.76709054
0.75887226
0.74642142
0.72958549
0.70815322
0.68184702
0.65031205
0.61310100
0.56965287
0.51926335
0.46104368
0.39386412
0.31627872
0.22643299
0.12197146
0.10049564
0.18453863
0.25561159
0.31627872
0.36839454
0.41331259
0.45203949
0.48533893
0.51380028
0.53788393
0.55795173
0.57428771
0.58711235
0.59659247
0.60284804
0.60595674
0.60595674
0.60284804
0.59659247
0.58711235
0.57428771
0.55795173
0.53788393
0.51380028
0.48533893
0.45203949
0.41331259
0.36839454
0.31627872
0.25561159
0.18453863
0.10049564
0.07466081
0.13480263
0.18453863
0.22643299
0.26213151
0.29274131
0.31904190
0.34160331
0.36085457
0.37712502
0.39067039
0.40168962
0.41033616
0.41672559
0.42094076
0.42303521
0.42303521
0.42094076
0.41672559
0.41033616
0.40168962
0.39067039
0.37712502
0.36085457
0.34160331
0.31904190
0.29274131
0.26213151
0.22643299
0.18453863
0.13480263
0.07466081
0.04253332
0.07466081
0.10049564
0.12197146
0.14014555
0.15566759
0.16897184
0.18036620
0.19007799
0.19827955
0.20510354
0.21065256
0.21500542
0.21822130
0.22034255
0.22139647
0.22139647
0.22034255
0.21822130
0.21500542
0.21065256
0.20510354
0.19827955
0.19007799
0.18036620
0.16897184
0.15566759
0.14014555
0.12197146
0.10049564
0.07466081
0.04253332
