Py Solution
============
0.04253331
0.07466080
0.10049562
0.12197144
0.14014554
0.15566759
0.16897184
0.18036621
0.19007800
0.19827956
0.20510354
0.21065256
0.21500542
0.21822131
0.22034255
0.22139648
0.22139648
0.22034255
0.21822131
0.21500542
0.21065256
0.20510354
0.19827956
0.19007800
0.18036621
0.16897184
0.15566759
0.14014554
0.12197144
0.10049562
0.07466080
0.04253331
0.07466080
0.13480261
0.18453860
0.22643296
0.26213150
0.29274131
0.31904192
0.34160333
0.36085459
0.37712504
0.39067040
0.40168963
0.41033616
0.41672558
0.42094075
0.42303520
0.42303520
0.42094075
0.41672558
0.41033616
0.40168963
0.39067040
0.37712504
0.36085459
0.34160333
0.31904192
0.29274131
0.26213150
0.22643296
0.18453860
0.13480261
0.07466080
0.10049562
0.18453860
0.25561155
0.31627869
0.36839453
0.41331260
0.45203950
0.48533896
0.51380032
0.53788396
0.55795176
0.57428773
0.58711236
0.59659246
0.60284801
0.60595670
0.60595670
0.60284801
0.59659246
0.58711236
0.57428773
0.55795176
0.53788396
0.51380032
0.48533896
0.45203950
0.41331260
0.36839453
0.31627869
0.25561155
0.18453860
0.10049562
0.12197144
0.22643296
0.31627869
0.39386409
0.46104366
0.51926335
0.56965288
0.61310102
0.65031208
0.68184705
0.70815326
0.72958551
0.74642142
0.75887224
0.76709051
0.77117527
0.77117527
0.76709051
0.75887224
0.74642142
0.72958551
0.70815326
0.68184705
0.65031208
0.61310102
0.56965288
0.51926335
0.46104366
0.39386409
0.31627869
0.22643296
0.12197144
0.14014554
0.26213150
0.36839453
0.46104366
0.54184105
0.61223260
0.67339599
0.72628850
0.77168824
0.81022725
0.84241702
0.86866796
0.88930393
0.90457292
0.91465488
0.91966697
0.91966697
0.91465488
0.90457292
0.88930393
0.86866796
0.84241702
0.81022725
0.77168824
0.72628850
0.67339599
0.61223260
0.54184105
0.46104366
0.36839453
0.26213150
0.14014554
0.15566759
0.29274131
0.41331260
0.51926335
0.61223260
0.69361838
0.76459833
0.82615707
0.87911349
0.92414502
0.96180796
0.99255375
1.01674175
1.03464900
1.04647747
1.05235911
1.05235911
1.04647747
1.03464900
1.01674175
0.99255375
0.96180796
0.92414502
0.87911349
0.82615707
0.76459833
0.69361838
0.61223260
0.51926335
0.41331260
0.29274131
0.15566759
0.16897184
0.31904192
0.45203950
0.56965288
0.67339599
0.76459833
0.84441025
0.91381633
0.97365197
1.02461973
1.06730440
1.10218567
1.12964865
1.14999221
1.16343524
1.17012124
1.17012124
1.16343524
1.14999221
1.12964865
1.10218567
1.06730440
1.02461973
0.97365197
0.91381633
0.84441025
0.76459833
0.67339599
0.56965288
0.45203950
0.31904192
0.16897184
0.18036621
0.34160333
0.48533896
0.61310102
0.72628850
0.82615707
0.91381633
0.99023440
1.05624665
1.11256589
1.15979258
1.19842420
1.22886332
1.25142429
1.26633837
1.27375770
1.27375770
1.26633837
1.25142429
1.22886332
1.19842420
1.15979258
1.11256589
1.05624665
0.99023440
0.91381633
0.82615707
0.72628850
0.61310102
0.48533896
0.34160333
0.18036621
0.19007800
0.36085459
0.51380032
0.65031208
0.77168824
0.87911349
0.97365197
1.05624665
1.12772272
1.18879295
1.24006418
1.28204358
1.31514452
1.33969157
1.35592460
1.36400183
1.36400183
1.35592460
1.33969157
1.31514452
1.28204358
1.24006418
1.18879295
1.12772272
1.05624665
0.97365197
0.87911349
0.77168824
0.65031208
0.51380032
0.36085459
0.19007800
0.19827956
0.37712504
0.53788396
0.68184705
0.81022725
0.92414502
1.02461973
1.11256589
1.18879295
1.25400737
1.30881596
1.35372976
1.38916794
1.41546122
1.43285500
1.44151151
1.44151151
1.43285500
1.41546122
1.38916794
1.35372976
1.30881596
1.25400737
1.18879295
1.11256589
1.02461973
0.92414502
0.81022725
0.68184705
0.53788396
0.37712504
0.19827956
0.20510354
0.39067040
0.55795176
0.70815326
0.84241702
0.96180796
1.06730440
1.15979258
1.24006418
1.30881596
1.36665086
1.41407994
1.45152459
1.47931874
1.49771099
1.50686606
1.50686606
1.49771099
1.47931874
1.45152459
1.41407994
1.36665086
1.30881596
1.24006418
1.15979258
1.06730440
0.96180796
0.84241702
0.70815326
0.55795176
0.39067040
0.20510354
0.21065256
0.40168963
0.57428773
0.72958551
0.86866796
0.99255375
1.10218567
1.19842420
1.28204358
1.35372976
1.41407994
1.46360291
1.50272006
1.53176653
1.55099248
1.56056401
1.56056401
1.55099248
1.53176653
1.50272006
1.46360291
1.41407994
1.35372976
1.28204358
1.19842420
1.10218567
0.99255375
0.86866796
0.72958551
0.57428773
0.40168963
0.21065256
0.21500542
0.41033616
0.58711236
0.74642142
0.88930393
1.01674175
1.12964865
1.22886332
1.31514452
1.38916794
1.45152459
1.50272006
1.54317455
1.57322320
1.59311672
1.60302184
1.60302184
1.59311672
1.57322320
1.54317455
1.50272006
1.45152459
1.38916794
1.31514452
1.22886332
1.12964865
1.01674175
0.88930393
0.74642142
0.58711236
0.41033616
0.21500542
0.21822131
0.41672558
0.59659246
0.75887224
0.90457292
1.03464900
1.14999221
1.25142429
1.33969157
1.41546122
1.47931874
1.53176653
1.57322320
1.60402336
1.62441769
1.63457314
1.63457314
1.62441769
1.60402336
1.57322320
1.53176653
1.47931874
1.41546122
1.33969157
1.25142429
1.14999221
1.03464900
0.90457292
0.75887224
0.59659246
0.41672558
0.21822131
0.22034255
0.42094075
0.60284801
0.76709051
0.91465488
1.04647747
1.16343524
1.26633837
1.35592460
1.43285500
1.49771099
1.55099248
1.59311672
1.62441769
1.64514587
1.65546824
1.65546824
1.64514587
1.62441769
1.59311672
1.55099248
1.49771099
1.43285500
1.35592460
1.26633837
1.16343524
1.04647747
0.91465488
0.76709051
0.60284801
0.42094075
0.22034255
0.22139648
0.42303520
0.60595670
0.77117527
0.91966697
1.05235911
1.17012124
1.27375770
1.36400183
1.44151151
1.50686606
1.56056401
1.60302184
1.63457314
1.65546824
1.66587406
1.66587406
1.65546824
1.63457314
1.60302184
1.56056401
1.50686606
1.44151151
1.36400183
1.27375770
1.17012124
1.05235911
0.91966697
0.77117527
0.60595670
0.42303520
0.22139648
0.22139648
0.42303520
0.60595670
0.77117527
0.91966697
1.05235911
1.17012124
1.27375770
1.36400183
1.44151151
1.50686606
1.56056401
1.60302184
1.63457314
1.65546824
1.66587406
1.66587406
1.65546824
1.63457314
1.60302184
1.56056401
1.50686606
1.44151151
1.36400183
1.27375770
1.17012124
1.05235911
0.91966697
0.77117527
0.60595670
0.42303520
0.22139648
0.22034255
0.42094075
0.60284801
0.76709051
0.91465488
1.04647747
1.16343524
1.26633837
1.35592460
1.43285500
1.49771099
1.55099248
1.59311672
1.62441769
1.64514587
1.65546824
1.65546824
1.64514587
1.62441769
1.59311672
1.55099248
1.49771099
1.43285500
1.35592460
1.26633837
1.16343524
1.04647747
0.91465488
0.76709051
0.60284801
0.42094075
0.22034255
0.21822131
0.41672558
0.59659246
0.75887224
0.90457292
1.03464900
1.14999221
1.25142429
1.33969157
1.41546122
1.47931874
1.53176653
1.57322320
1.60402336
1.62441769
1.63457314
1.63457314
1.62441769
1.60402336
1.57322320
1.53176653
1.47931874
1.41546122
1.33969157
1.25142429
1.14999221
1.03464900
0.90457292
0.75887224
0.59659246
0.41672558
0.21822131
0.21500542
0.41033616
0.58711236
0.74642142
0.88930393
1.01674175
1.12964865
1.22886332
1.31514452
1.38916794
1.45152459
1.50272006
1.54317455
1.57322320
1.59311672
1.60302184
1.60302184
1.59311672
1.57322320
1.54317455
1.50272006
1.45152459
1.38916794
1.31514452
1.22886332
1.12964865
1.01674175
0.88930393
0.74642142
0.58711236
0.41033616
0.21500542
0.21065256
0.40168963
0.57428773
0.72958551
0.86866796
0.99255375
1.10218567
1.19842420
1.28204358
1.35372976
1.41407994
1.46360291
1.50272006
1.53176653
1.55099248
1.56056401
1.56056401
1.55099248
1.53176653
1.50272006
1.46360291
1.41407994
1.35372976
1.28204358
1.19842420
1.10218567
0.99255375
0.86866796
0.72958551
0.57428773
0.40168963
0.21065256
0.20510354
0.39067040
0.55795176
0.70815326
0.84241702
0.96180796
1.06730440
1.15979258
1.24006418
1.30881596
1.36665086
1.41407994
1.45152459
1.47931874
1.49771099
1.50686606
1.50686606
1.49771099
1.47931874
1.45152459
1.41407994
1.36665086
1.30881596
1.24006418
1.15979258
1.06730440
0.96180796
0.84241702
0.70815326
0.55795176
0.39067040
0.20510354
0.19827956
0.37712504
0.53788396
0.68184705
0.81022725
0.92414502
1.02461973
1.11256589
1.18879295
1.25400737
1.30881596
1.35372976
1.38916794
1.41546122
1.43285500
1.44151151
1.44151151
1.43285500
1.41546122
1.38916794
1.35372976
1.30881596
1.25400737
1.18879295
1.11256589
1.02461973
0.92414502
0.81022725
0.68184705
0.53788396
0.37712504
0.19827956
0.19007800
0.36085459
0.51380032
0.65031208
0.77168824
0.87911349
0.97365197
1.05624665
1.12772272
1.18879295
1.24006418
1.28204358
1.31514452
1.33969157
1.35592460
1.36400183
1.36400183
1.35592460
1.33969157
1.31514452
1.28204358
1.24006418
1.18879295
1.12772272
1.05624665
0.97365197
0.87911349
0.77168824
0.65031208
0.51380032
0.36085459
0.19007800
0.18036621
0.34160333
0.48533896
0.61310102
0.72628850
0.82615707
0.91381633
0.99023440
1.05624665
1.11256589
1.15979258
1.19842420
1.22886332
1.25142429
1.26633837
1.27375770
1.27375770
1.26633837
1.25142429
1.22886332
1.19842420
1.15979258
1.11256589
1.05624665
0.99023440
0.91381633
0.82615707
0.72628850
0.61310102
0.48533896
0.34160333
0.18036621
0.16897184
0.31904192
0.45203950
0.56965288
0.67339599
0.76459833
0.84441025
0.91381633
0.97365197
1.02461973
1.06730440
1.10218567
1.12964865
1.14999221
1.16343524
1.17012124
1.17012124
1.16343524
1.14999221
1.12964865
1.10218567
1.06730440
1.02461973
0.97365197
0.91381633
0.84441025
0.76459833
0.67339599
0.56965288
0.45203950
0.31904192
0.16897184
0.15566759
0.29274131
0.41331260
0.51926335
0.61223260
0.69361838
0.76459833
0.82615707
0.87911349
0.92414502
0.96180796
0.99255375
1.01674175
1.03464900
1.04647747
1.05235911
1.05235911
1.04647747
1.03464900
1.01674175
0.99255375
0.96180796
0.92414502
0.87911349
0.82615707
0.76459833
0.69361838
0.61223260
0.51926335
0.41331260
0.29274131
0.15566759
0.14014554
0.26213150
0.36839453
0.46104366
0.54184105
0.61223260
0.67339599
0.72628850
0.77168824
0.81022725
0.84241702
0.86866796
0.88930393
0.90457292
0.91465488
0.91966697
0.91966697
0.91465488
0.90457292
0.88930393
0.86866796
0.84241702
0.81022725
0.77168824
0.72628850
0.67339599
0.61223260
0.54184105
0.46104366
0.36839453
0.26213150
0.14014554
0.12197144
0.22643296
0.31627869
0.39386409
0.46104366
0.51926335
0.56965288
0.61310102
0.65031208
0.68184705
0.70815326
0.72958551
0.74642142
0.75887224
0.76709051
0.77117527
0.77117527
0.76709051
0.75887224
0.74642142
0.72958551
0.70815326
0.68184705
0.65031208
0.61310102
0.56965288
0.51926335
0.46104366
0.39386409
0.31627869
0.22643296
0.12197144
0.10049562
0.18453860
0.25561155
0.31627869
0.36839453
0.41331260
0.45203950
0.48533896
0.51380032
0.53788396
0.55795176
0.57428773
0.58711236
0.59659246
0.60284801
0.60595670
0.60595670
0.60284801
0.59659246
0.58711236
0.57428773
0.55795176
0.53788396
0.51380032
0.48533896
0.45203950
0.41331260
0.36839453
0.31627869
0.25561155
0.18453860
0.10049562
0.07466080
0.13480261
0.18453860
0.22643296
0.26213150
0.29274131
0.31904192
0.34160333
0.36085459
0.37712504
0.39067040
0.40168963
0.41033616
0.41672558
0.42094075
0.42303520
0.42303520
0.42094075
0.41672558
0.41033616
0.40168963
0.39067040
0.37712504
0.36085459
0.34160333
0.31904192
0.29274131
0.26213150
0.22643296
0.18453860
0.13480261
0.07466080
0.04253331
0.07466080
0.10049562
0.12197144
0.14014554
0.15566759
0.16897184
0.18036621
0.19007800
0.19827956
0.20510354
0.21065256
0.21500542
0.21822131
0.22034255
0.22139648
0.22139648
0.22034255
0.21822131
0.21500542
0.21065256
0.20510354
0.19827956
0.19007800
0.18036621
0.16897184
0.15566759
0.14014554
0.12197144
0.10049562
0.07466080
0.04253331
