Vec Object: 4 MPI processes
  type: mpi
0.
0.
0.
0.
0.
0.
0.
0.
0.
0.
0.
0.
0.
0.
0.
0.
0.
0.
0.
0.
0.
0.
0.
0.
0.
0.
0.
0.
0.
0.
0.
0.
0.
0.
0.
0.
0.
0.
0.
0.
0.
0.
0.
0.
0.
0.
0.
0.
0.
0.
0.
0.
0.
0.
0.
0.
0.
0.
0.
0.
0.
0.
0.
0.
0.
0.0123737
0.0222278
0.0305585
0.0378339
0.0443107
0.0501467
0.0554482
0.0602913
0.064733
0.0688177
0.0725805
0.0760505
0.0792516
0.0822037
0.0849241
0.0874274
0.0897262
0.0918316
0.0937532
0.0954992
0.0970772
0.0984934
0.0997534
0.100862
0.101824
0.102641
0.103319
0.103857
0.10426
0.104528
0.104661
0.104661
0.104528
0.10426
0.103857
0.103319
0.102641
0.101824
0.100862
0.0997534
0.0984933
0.0970772
0.0954992
0.0937531
0.0918316
0.0897262
0.0874273
0.0849241
0.0822037
0.0792515
0.0760505
0.0725805
0.0688176
0.064733
0.0602913
0.0554482
0.0501467
0.0443107
0.0378339
0.0305585
0.0222279
0.0123737
0.
0.
0.0222278
0.0409402
0.057133
0.0714275
0.084223
0.0957889
0.106316
0.115945
0.124784
0.132918
0.140415
0.147331
0.153713
0.1596
0.165026
0.17002
0.174607
0.178808
0.182643
0.186128
0.189277
0.192104
0.194619
0.196832
0.198752
0.200384
0.201736
0.202812
0.203616
0.20415
0.204417
0.204417
0.20415
0.203616
0.202812
0.201736
0.200384
0.198752
0.196832
0.194619
0.192104
0.189277
0.186128
0.182643
0.178808
0.174607
0.17002
0.165026
0.1596
0.153713
0.147331
0.140415
0.132918
0.124784
0.115945
0.106316
0.0957888
0.084223
0.0714275
0.057133
0.0409402
0.0222279
0.
0.
0.0305585
0.057133
0.0805668
0.101481
0.120326
0.137431
0.153042
0.16735
0.180501
0.192616
0.203791
0.214107
0.22363
0.232419
0.240522
0.247981
0.254834
0.261112
0.266843
0.272052
0.276761
0.280987
0.284748
0.288057
0.290927
0.293369
0.295391
0.297
0.298202
0.299001
0.2994
0.2994
0.299001
0.298202
0.297
0.295391
0.293369
0.290927
0.288057
0.284748
0.280987
0.27676
0.272052
0.266843
0.261112
0.254834
0.247981
0.240521
0.232419
0.22363
0.214106
0.203791
0.192616
0.180501
0.16735
0.153042
0.137431
0.120326
0.101481
0.0805668
0.057133
0.0305585
0.
0.
0.0378339
0.0714275
0.101481
0.128565
0.15313
0.175527
0.196034
0.214871
0.232216
0.248215
0.262988
0.276635
0.289243
0.300884
0.311621
0.32151
0.330596
0.338923
0.346527
0.353439
0.359687
0.365296
0.370289
0.374682
0.378493
0.381735
0.384419
0.386556
0.388152
0.389213
0.389743
0.389743
0.389213
0.388152
0.386556
0.384419
0.381735
0.378493
0.374682
0.370288
0.365296
0.359687
0.353439
0.346527
0.338923
0.330596
0.32151
0.311621
0.300884
0.289243
0.276635
0.262988
0.248215
0.232216
0.214871
0.196034
0.175527
0.15313
0.128565
0.101481
0.0714275
0.0378339
0.
0.
0.0443107
0.084223
0.120326
0.15313
0.183062
0.210474
0.235656
0.258846
0.280239
0.300001
0.318271
0.335164
0.350783
0.365214
0.378531
0.390801
0.40208
0.412419
0.421863
0.430449
0.438213
0.445184
0.451389
0.45685
0.461588
0.465619
0.468957
0.471613
0.473598
0.474918
0.475576
0.475576
0.474918
0.473598
0.471614
0.468957
0.465619
0.461588
0.45685
0.451389
0.445184
0.438213
0.430449
0.421863
0.412419
0.40208
0.390801
0.378531
0.365213
0.350783
0.335164
0.31827
0.300001
0.280239
0.258845
0.235656
0.210474
0.183062
0.15313
0.120326
0.084223
0.0443107
0.
0.
0.0501467
0.0957889
0.137431
0.175527
0.210474
0.242613
0.272232
0.299577
0.324854
0.348241
0.36989
0.389929
0.408473
0.425617
0.441449
0.456043
0.469465
0.481772
0.493017
0.503244
0.512493
0.520799
0.528194
0.534703
0.540351
0.545156
0.549136
0.552304
0.554671
0.556244
0.557029
0.557029
0.556244
0.554671
0.552304
0.549136
0.545156
0.540351
0.534703
0.528194
0.520799
0.512493
0.503244
0.493017
0.481772
0.469465
0.456043
0.441449
0.425617
0.408472
0.389929
0.36989
0.348241
0.324854
0.299577
0.272232
0.242613
0.210474
0.175527
0.137431
0.0957888
0.0501467
0.
0.
0.0554482
0.106316
0.153042
0.196034
0.235656
0.272232
0.306044
0.337336
0.36632
0.393181
0.418079
0.441151
0.462521
0.482295
0.500567
0.517419
0.532924
0.547149
0.560149
0.571977
0.582676
0.592287
0.600845
0.608379
0.614917
0.62048
0.625088
0.628757
0.631497
0.633319
0.634229
0.634229
0.633319
0.631497
0.628757
0.625088
0.62048
0.614917
0.608379
0.600845
0.592287
0.582676
0.571977
0.560149
0.547149
0.532924
0.517418
0.500566
0.482295
0.462521
0.441151
0.418079
0.393181
0.36632
0.337336
0.306044
0.272232
0.235656
0.196034
0.153042
0.106316
0.0554482
0.
0.
0.0602913
0.115945
0.16735
0.214871
0.258846
0.299577
0.337336
0.372363
0.404871
0.435046
0.463053
0.489038
0.513127
0.535436
0.556064
0.575101
0.592626
0.60871
0.623416
0.636799
0.648909
0.65979
0.66948
0.678013
0.685418
0.691721
0.696942
0.701098
0.704203
0.706268
0.707299
0.707299
0.706268
0.704203
0.701098
0.696942
0.691721
0.685418
0.678013
0.66948
0.65979
0.648909
0.636799
0.623416
0.60871
0.592626
0.575101
0.556064
0.535436
0.513127
0.489037
0.463053
0.435046
0.404871
0.372363
0.337336
0.299577
0.258845
0.214871
0.16735
0.115945
0.0602913
0.
0.
0.064733
0.124784
0.180501
0.232216
0.280239
0.324854
0.36632
0.404871
0.440715
0.47404
0.505011
0.533779
0.560475
0.585218
0.608114
0.629257
0.64873
0.666611
0.682966
0.697855
0.711332
0.723444
0.734233
0.743735
0.751983
0.759004
0.76482
0.769451
0.772911
0.775212
0.77636
0.77636
0.775212
0.772911
0.769451
0.76482
0.759004
0.751983
0.743735
0.734233
0.723444
0.711332
0.697855
0.682966
0.666611
0.64873
0.629256
0.608114
0.585218
0.560475
0.533779
0.505011
0.474039
0.440715
0.404871
0.36632
0.324854
0.280239
0.232216
0.180501
0.124784
0.064733
0.
0.
0.0688177
0.132918
0.192616
0.248215
0.300001
0.348241
0.393181
0.435046
0.47404
0.510347
0.544135
0.575553
0.604737
0.631809
0.656878
0.680041
0.701389
0.720999
0.738943
0.755285
0.770081
0.783382
0.795233
0.805673
0.814737
0.822452
0.828845
0.833936
0.837739
0.840269
0.841531
0.841531
0.840269
0.837739
0.833935
0.828845
0.822452
0.814737
0.805673
0.795233
0.783382
0.770081
0.755284
0.738943
0.720999
0.701389
0.680041
0.656878
0.631809
0.604737
0.575553
0.544135
0.510347
0.474039
0.435046
0.393181
0.348241
0.300001
0.248215
0.192616
0.132918
0.0688177
0.
0.
0.0725805
0.140415
0.203791
0.262988
0.318271
0.36989
0.418079
0.463053
0.505011
0.544135
0.580588
0.614522
0.646073
0.675364
0.702507
0.727604
0.750745
0.772013
0.791483
0.80922
0.825285
0.839731
0.852606
0.863949
0.873798
0.882185
0.889134
0.894668
0.898803
0.901553
0.902926
0.902926
0.901553
0.898803
0.894667
0.889134
0.882185
0.873798
0.863949
0.852605
0.839731
0.825285
0.80922
0.791483
0.772013
0.750745
0.727604
0.702507
0.675364
0.646073
0.614522
0.580588
0.544135
0.505011
0.463053
0.418079
0.36989
0.31827
0.262988
0.203791
0.140415
0.0725805
0.
0.
0.0760505
0.147331
0.214107
0.276635
0.335164
0.389929
0.441151
0.489038
0.533779
0.575553
0.614522
0.650836
0.684629
0.716028
0.745145
0.772083
0.796935
0.819787
0.840716
0.859789
0.87707
0.892614
0.906469
0.91868
0.929284
0.938315
0.945799
0.951759
0.956213
0.959175
0.960654
0.960654
0.959175
0.956213
0.951759
0.945798
0.938315
0.929284
0.91868
0.906469
0.892614
0.87707
0.859789
0.840716
0.819787
0.796935
0.772082
0.745145
0.716028
0.684629
0.650835
0.614522
0.575553
0.533779
0.489037
0.441151
0.389929
0.335164
0.276635
0.214107
0.147331
0.0760505
0.
0.
0.0792516
0.153713
0.22363
0.289243
0.350783
0.408473
0.462521
0.513127
0.560475
0.604737
0.646073
0.684629
0.720542
0.753934
0.784922
0.813607
0.840087
0.864446
0.886765
0.907112
0.925553
0.942145
0.956938
0.969979
0.981305
0.990952
0.998948
1.00532
1.01008
1.01324
1.01482
1.01482
1.01324
1.01008
1.00532
0.998948
0.990952
0.981305
0.969979
0.956938
0.942145
0.925553
0.907112
0.886764
0.864446
0.840087
0.813607
0.784922
0.753934
0.720542
0.684629
0.646073
0.604737
0.560475
0.513127
0.462521
0.408472
0.350783
0.289243
0.22363
0.153713
0.0792515
0.
0.
0.0822037
0.1596
0.232419
0.300884
0.365214
0.425617
0.482295
0.535436
0.585218
0.631809
0.675364
0.716028
0.753934
0.789207
0.821961
0.8523
0.880319
0.906108
0.929745
0.951302
0.970846
0.988435
1.00412
1.01795
1.02997
1.0402
1.04869
1.05544
1.0605
1.06386
1.06553
1.06553
1.06386
1.0605
1.05544
1.04869
1.0402
1.02997
1.01795
1.00412
0.988435
0.970846
0.951302
0.929745
0.906108
0.880319
0.8523
0.821961
0.789207
0.753934
0.716028
0.675364
0.631809
0.585218
0.535436
0.482295
0.425617
0.365213
0.300884
0.232419
0.1596
0.0822037
0.
0.
0.0849241
0.165026
0.240522
0.311621
0.378531
0.441449
0.500567
0.556064
0.608114
0.656878
0.702507
0.745145
0.784922
0.821961
0.856376
0.888272
0.917744
0.944882
0.969765
0.992467
1.01306
1.03159
1.04812
1.0627
1.07537
1.08616
1.09511
1.10224
1.10757
1.11111
1.11288
1.11288
1.11111
1.10757
1.10224
1.09511
1.08616
1.07537
1.0627
1.04812
1.03159
1.01306
0.992467
0.969765
0.944882
0.917744
0.888272
0.856376
0.821961
0.784922
0.745145
0.702507
0.656878
0.608114
0.556064
0.500566
0.441449
0.378531
0.311621
0.240521
0.165026
0.0849241
0.
0.
0.0874274
0.17002
0.247981
0.32151
0.390801
0.456043
0.517419
0.575101
0.629257
0.680041
0.727604
0.772083
0.813607
0.8523
0.888272
0.921628
0.952465
0.980871
1.00693
1.03071
1.05228
1.0717
1.08904
1.10432
1.11761
1.12893
1.13832
1.14579
1.15138
1.1551
1.15696
1.15696
1.1551
1.15138
1.14579
1.13832
1.12893
1.11761
1.10432
1.08904
1.0717
1.05228
1.03071
1.00693
0.980871
0.952465
0.921628
0.888272
0.8523
0.813607
0.772083
0.727604
0.680041
0.629256
0.575101
0.517418
0.456043
0.390801
0.32151
0.247981
0.17002
0.0874274
0.
0.
0.0897262
0.174607
0.254834
0.330596
0.40208
0.469465
0.532924
0.592626
0.64873
0.701389
0.750745
0.796935
0.840087
0.880319
0.917744
0.952465
0.984577
1.01417
1.04133
1.06612
1.08861
1.10887
1.12696
1.14291
1.15677
1.16859
1.17839
1.1862
1.19203
1.19592
1.19786
1.19786
1.19592
1.19203
1.1862
1.17839
1.16859
1.15677
1.14291
1.12696
1.10887
1.08861
1.06612
1.04133
1.01417
0.984577
0.952465
0.917744
0.880319
0.840087
0.796935
0.750745
0.701389
0.64873
0.592626
0.532924
0.469465
0.40208
0.330596
0.254834
0.174607
0.0897262
0.
0.
0.0918316
0.178808
0.261112
0.338923
0.412419
0.481772
0.547149
0.60871
0.666611
0.720999
0.772013
0.819787
0.864446
0.906108
0.944882
0.980871
1.01417
1.04487
1.07305
1.09878
1.12214
1.14318
1.16197
1.17854
1.19295
1.20523
1.21542
1.22353
1.2296
1.23364
1.23565
1.23565
1.23364
1.2296
1.22353
1.21542
1.20523
1.19295
1.17854
1.16197
1.14318
1.12214
1.09878
1.07305
1.04487
1.01417
0.980871
0.944882
0.906108
0.864446
0.819787
0.772013
0.720999
0.666611
0.60871
0.547149
0.481772
0.412419
0.338923
0.261112
0.178808
0.0918316
0.
0.
0.0937532
0.182643
0.266843
0.346527
0.421863
0.493017
0.560149
0.623416
0.682966
0.738943
0.791483
0.840716
0.886765
0.929745
0.969765
1.00693
1.04133
1.07305
1.10218
1.12879
1.15294
1.17471
1.19415
1.2113
1.22621
1.23893
1.24947
1.25787
1.26416
1.26834
1.27043
1.27043
1.26834
1.26416
1.25787
1.24947
1.23893
1.22621
1.2113
1.19415
1.17471
1.15294
1.12879
1.10218
1.07305
1.04133
1.00693
0.969765
0.929745
0.886765
0.840716
0.791483
0.738943
0.682966
0.623416
0.560149
0.493017
0.421863
0.346527
0.266843
0.182643
0.0937531
0.
0.
0.0954992
0.186128
0.272052
0.353439
0.430449
0.503244
0.571977
0.636799
0.697855
0.755285
0.80922
0.859789
0.907112
0.951302
0.992467
1.03071
1.06612
1.09878
1.12879
1.1562
1.1811
1.20354
1.22357
1.24126
1.25664
1.26975
1.28063
1.2893
1.29578
1.30009
1.30225
1.30225
1.30009
1.29578
1.2893
1.28063
1.26975
1.25664
1.24126
1.22357
1.20354
1.1811
1.1562
1.12879
1.09878
1.06612
1.03071
0.992467
0.951302
0.907112
0.859789
0.80922
0.755285
0.697855
0.636799
0.571977
0.503244
0.430449
0.353439
0.272052
0.186128
0.0954992
0.
0.
0.0970772
0.189277
0.276761
0.359687
0.438213
0.512493
0.582676
0.648909
0.711332
0.770081
0.825285
0.87707
0.925553
0.970846
1.01306
1.05228
1.08861
1.12214
1.15294
1.1811
1.20667
1.22972
1.25031
1.26849
1.2843
1.29777
1.30896
1.31787
1.32453
1.32897
1.33118
1.33118
1.32897
1.32453
1.31787
1.30896
1.29777
1.2843
1.26849
1.25031
1.22972
1.20667
1.1811
1.15294
1.12214
1.08861
1.05228
1.01306
0.970846
0.925553
0.87707
0.825285
0.770081
0.711332
0.648909
0.582676
0.512493
0.438213
0.359687
0.276761
0.189277
0.0970772
0.
0.
0.0984934
0.192104
0.280987
0.365296
0.445184
0.520799
0.592287
0.65979
0.723444
0.783382
0.839731
0.892614
0.942145
0.988435
1.03159
1.0717
1.10887
1.14318
1.17471
1.20354
1.22972
1.25333
1.27442
1.29305
1.30924
1.32305
1.33451
1.34365
1.35048
1.35502
1.35729
1.35729
1.35502
1.35048
1.34365
1.33451
1.32305
1.30924
1.29305
1.27442
1.25333
1.22972
1.20354
1.17471
1.14318
1.10887
1.0717
1.03159
0.988435
0.942145
0.892614
0.839732
0.783382
0.723444
0.65979
0.592287
0.520799
0.445184
0.365296
0.280987
0.192104
0.0984934
0.
0.
0.0997534
0.194619
0.284748
0.370289
0.451389
0.528194
0.600845
0.66948
0.734233
0.795233
0.852606
0.906469
0.956938
1.00412
1.04812
1.08904
1.12696
1.16197
1.19415
1.22357
1.25031
1.27442
1.29597
1.31499
1.33154
1.34565
1.35736
1.36669
1.37367
1.37832
1.38064
1.38064
1.37832
1.37367
1.36669
1.35736
1.34565
1.33154
1.31499
1.29597
1.27442
1.25031
1.22357
1.19415
1.16197
1.12696
1.08904
1.04812
1.00412
0.956938
0.906469
0.852606
0.795233
0.734233
0.66948
0.600845
0.528194
0.451389
0.370289
0.284748
0.194619
0.0997534
0.
0.
0.100862
0.196832
0.288057
0.374682
0.45685
0.534703
0.608379
0.678013
0.743735
0.805673
0.863949
0.91868
0.969979
1.01795
1.0627
1.10432
1.14291
1.17854
1.2113
1.24126
1.26849
1.29305
1.31499
1.33437
1.35123
1.3656
1.37753
1.38705
1.39416
1.39889
1.40126
1.40126
1.39889
1.39416
1.38705
1.37753
1.3656
1.35123
1.33437
1.31499
1.29305
1.26849
1.24126
1.2113
1.17854
1.14291
1.10432
1.0627
1.01795
0.969979
0.91868
0.863949
0.805673
0.743736
0.678013
0.608379
0.534703
0.45685
0.374682
0.288057
0.196832
0.100862
0.
0.
0.101824
0.198752
0.290927
0.378493
0.461588
0.540351
0.614917
0.685418
0.751983
0.814737
0.873798
0.929284
0.981305
1.02997
1.07537
1.11761
1.15677
1.19295
1.22621
1.25664
1.2843
1.30924
1.33154
1.35123
1.36836
1.38297
1.39509
1.40476
1.41199
1.4168
1.41921
1.41921
1.4168
1.41199
1.40476
1.39509
1.38297
1.36836
1.35123
1.33154
1.30924
1.2843
1.25664
1.22621
1.19295
1.15677
1.11761
1.07537
1.02997
0.981305
0.929284
0.873799
0.814737
0.751983
0.685418
0.614917
0.540351
0.461588
0.378493
0.290927
0.198752
0.101824
0.
0.
0.102641
0.200384
0.293369
0.381735
0.465619
0.545156
0.62048
0.691721
0.759004
0.822452
0.882185
0.938315
0.990952
1.0402
1.08616
1.12893
1.16859
1.20523
1.23893
1.26975
1.29777
1.32305
1.34565
1.3656
1.38297
1.39778
1.41007
1.41987
1.4272
1.43208
1.43452
1.43452
1.43208
1.4272
1.41987
1.41007
1.39778
1.38297
1.3656
1.34565
1.32305
1.29777
1.26975
1.23893
1.20523
1.16859
1.12893
1.08616
1.0402
0.990952
0.938315
0.882185
0.822452
0.759004
0.691721
0.620481
0.545156
0.465619
0.381735
0.293369
0.200384
0.102641
0.
0.
0.103319
0.201736
0.295391
0.384419
0.468957
0.549136
0.625088
0.696942
0.76482
0.828845
0.889134
0.945799
0.998948
1.04869
1.09511
1.13832
1.17839
1.21542
1.24947
1.28063
1.30896
1.33451
1.35736
1.37753
1.39509
1.41007
1.4225
1.43241
1.43983
1.44476
1.44723
1.44723
1.44476
1.43983
1.43241
1.4225
1.41007
1.39509
1.37753
1.35736
1.33451
1.30896
1.28063
1.24947
1.21542
1.17839
1.13832
1.09511
1.04869
0.998948
0.945799
0.889134
0.828845
0.76482
0.696942
0.625089
0.549136
0.468957
0.384419
0.295391
0.201736
0.103319
0.
0.
0.103857
0.202812
0.297
0.386556
0.471613
0.552304
0.628757
0.701098
0.769451
0.833936
0.894668
0.951759
1.00532
1.05544
1.10224
1.14579
1.1862
1.22353
1.25787
1.2893
1.31787
1.34365
1.36669
1.38705
1.40476
1.41987
1.43241
1.44242
1.4499
1.45487
1.45736
1.45736
1.45487
1.4499
1.44241
1.43241
1.41987
1.40476
1.38705
1.36669
1.34365
1.31787
1.2893
1.25787
1.22353
1.1862
1.14579
1.10224
1.05544
1.00532
0.951759
0.894668
0.833936
0.769451
0.701098
0.628757
0.552304
0.471614
0.386556
0.297
0.202812
0.103857
0.
0.
0.10426
0.203616
0.298202
0.388152
0.473598
0.554671
0.631497
0.704203
0.772911
0.837739
0.898803
0.956213
1.01008
1.0605
1.10757
1.15138
1.19203
1.2296
1.26416
1.29578
1.32453
1.35048
1.37367
1.39416
1.41199
1.4272
1.43983
1.4499
1.45743
1.46244
1.46494
1.46494
1.46244
1.45743
1.4499
1.43983
1.4272
1.41199
1.39416
1.37367
1.35048
1.32453
1.29578
1.26416
1.2296
1.19203
1.15138
1.10757
1.0605
1.01008
0.956213
0.898803
0.837739
0.772911
0.704203
0.631497
0.554671
0.473598
0.388152
0.298202
0.203616
0.10426
0.
0.
0.104528
0.20415
0.299001
0.389213
0.474918
0.556244
0.633319
0.706268
0.775212
0.840269
0.901553
0.959175
1.01324
1.06386
1.11111
1.1551
1.19592
1.23364
1.26834
1.30009
1.32897
1.35502
1.37832
1.39889
1.4168
1.43208
1.44476
1.45487
1.46244
1.46747
1.46999
1.46999
1.46747
1.46244
1.45487
1.44476
1.43208
1.4168
1.39889
1.37832
1.35502
1.32897
1.30009
1.26834
1.23364
1.19592
1.1551
1.11111
1.06386
1.01324
0.959176
0.901553
0.840269
0.775212
0.706268
0.633319
0.556244
0.474918
0.389213
0.299001
0.20415
0.104528
0.
0.
0.104661
0.204417
0.2994
0.389743
0.475576
0.557029
0.634229
0.707299
0.77636
0.841531
0.902926
0.960654
1.01482
1.06553
1.11288
1.15696
1.19786
1.23565
1.27043
1.30225
1.33118
1.35729
1.38064
1.40126
1.41921
1.43452
1.44723
1.45736
1.46494
1.46999
1.4725
1.4725
1.46999
1.46494
1.45736
1.44723
1.43452
1.41921
1.40126
1.38064
1.35729
1.33118
1.30225
1.27043
1.23565
1.19786
1.15696
1.11288
1.06553
1.01482
0.960655
0.902926
0.841531
0.77636
0.707299
0.634229
0.55703
0.475576
0.389743
0.2994
0.204417
0.104661
0.
0.
0.104661
0.204417
0.2994
0.389743
0.475576
0.557029
0.634229
0.707299
0.77636
0.841531
0.902926
0.960654
1.01482
1.06553
1.11288
1.15696
1.19786
1.23565
1.27043
1.30225
1.33118
1.35729
1.38064
1.40126
1.41921
1.43452
1.44723
1.45736
1.46494
1.46999
1.4725
1.4725
1.46999
1.46494
1.45736
1.44723
1.43452
1.41921
1.40126
1.38064
1.35729
1.33118
1.30225
1.27043
1.23565
1.19786
1.15696
1.11288
1.06553
1.01482
0.960655
0.902926
0.841531
0.77636
0.707299
0.634229
0.557029
0.475576
0.389743
0.2994
0.204417
0.104661
0.
0.
0.104528
0.20415
0.299001
0.389213
0.474918
0.556244
0.633319
0.706268
0.775212
0.840269
0.901553
0.959175
1.01324
1.06386
1.11111
1.1551
1.19592
1.23364
1.26834
1.30009
1.32897
1.35502
1.37832
1.39889
1.4168
1.43208
1.44476
1.45487
1.46244
1.46747
1.46999
1.46999
1.46747
1.46244
1.45487
1.44476
1.43208
1.4168
1.39889
1.37832
1.35502
1.32897
1.30009
1.26834
1.23364
1.19592
1.1551
1.11111
1.06386
1.01324
0.959176
0.901553
0.840269
0.775212
0.706268
0.633319
0.556244
0.474918
0.389213
0.299001
0.20415
0.104528
0.
0.
0.10426
0.203616
0.298202
0.388152
0.473598
0.554671
0.631497
0.704203
0.772911
0.837739
0.898803
0.956213
1.01008
1.0605
1.10757
1.15138
1.19203
1.2296
1.26416
1.29578
1.32453
1.35048
1.37367
1.39416
1.41199
1.4272
1.43983
1.4499
1.45743
1.46244
1.46494
1.46494
1.46244
1.45743
1.4499
1.43983
1.4272
1.41199
1.39416
1.37367
1.35048
1.32453
1.29578
1.26416
1.2296
1.19203
1.15138
1.10757
1.0605
1.01008
0.956213
0.898803
0.837739
0.772911
0.704203
0.631497
0.554671
0.473598
0.388152
0.298202
0.203616
0.10426
0.
0.
0.103857
0.202812
0.297
0.386556
0.471614
0.552304
0.628757
0.701098
0.769451
0.833935
0.894667
0.951759
1.00532
1.05544
1.10224
1.14579
1.1862
1.22353
1.25787
1.2893
1.31787
1.34365
1.36669
1.38705
1.40476
1.41987
1.43241
1.44241
1.4499
1.45487
1.45736
1.45736
1.45487
1.4499
1.44242
1.43241
1.41987
1.40476
1.38705
1.36669
1.34365
1.31787
1.2893
1.25787
1.22353
1.1862
1.14579
1.10224
1.05544
1.00532
0.951759
0.894668
0.833936
0.769451
0.701098
0.628757
0.552304
0.471614
0.386556
0.297
0.202812
0.103857
0.
0.
0.103319
0.201736
0.295391
0.384419
0.468957
0.549136
0.625088
0.696942
0.76482
0.828845
0.889134
0.945798
0.998948
1.04869
1.09511
1.13832
1.17839
1.21542
1.24947
1.28063
1.30896
1.33451
1.35736
1.37753
1.39509
1.41007
1.4225
1.43241
1.43983
1.44476
1.44723
1.44723
1.44476
1.43983
1.43241
1.4225
1.41007
1.39509
1.37753
1.35736
1.33451
1.30896
1.28063
1.24947
1.21542
1.17839
1.13832
1.09511
1.04869
0.998948
0.945799
0.889134
0.828845
0.76482
0.696942
0.625088
0.549136
0.468957
0.384419
0.295391
0.201736
0.103319
0.
0.
0.102641
0.200384
0.293369
0.381735
0.465619
0.545156
0.62048
0.691721
0.759004
0.822452
0.882185
0.938315
0.990952
1.0402
1.08616
1.12893
1.16859
1.20523
1.23893
1.26975
1.29777
1.32305
1.34565
1.3656
1.38297
1.39778
1.41007
1.41987
1.4272
1.43208
1.43452
1.43452
1.43208
1.4272
1.41987
1.41007
1.39778
1.38297
1.3656
1.34565
1.32305
1.29778
1.26975
1.23893
1.20523
1.16859
1.12893
1.08616
1.0402
0.990952
0.938315
0.882185
0.822452
0.759004
0.691721
0.62048
0.545156
0.465619
0.381735
0.293369
0.200384
0.102641
0.
0.
0.101824
0.198752
0.290927
0.378493
0.461588
0.540351
0.614917
0.685418
0.751983
0.814737
0.873798
0.929284
0.981305
1.02997
1.07537
1.11761
1.15677
1.19295
1.22621
1.25664
1.2843
1.30924
1.33154
1.35123
1.36836
1.38297
1.39509
1.40476
1.41199
1.4168
1.41921
1.41921
1.4168
1.41199
1.40476
1.39509
1.38297
1.36836
1.35123
1.33154
1.30924
1.2843
1.25664
1.22621
1.19295
1.15677
1.11761
1.07537
1.02997
0.981305
0.929284
0.873798
0.814737
0.751983
0.685418
0.614917
0.540351
0.461588
0.378493
0.290927
0.198752
0.101824
0.
0.
0.100862
0.196832
0.288057
0.374682
0.45685
0.534703
0.608379
0.678013
0.743735
0.805673
0.863949
0.91868
0.969979
1.01795
1.0627
1.10432
1.14291
1.17854
1.2113
1.24126
1.26849
1.29305
1.31499
1.33437
1.35123
1.3656
1.37753
1.38705
1.39416
1.39889
1.40126
1.40126
1.39889
1.39416
1.38705
1.37753
1.3656
1.35123
1.33437
1.31499
1.29305
1.26849
1.24126
1.2113
1.17854
1.14291
1.10432
1.0627
1.01795
0.969979
0.91868
0.863949
0.805673
0.743735
0.678013
0.608379
0.534703
0.45685
0.374682
0.288057
0.196832
0.100862
0.
0.
0.0997534
0.194619
0.284748
0.370288
0.451389
0.528194
0.600845
0.66948
0.734233
0.795233
0.852605
0.906469
0.956938
1.00412
1.04812
1.08904
1.12696
1.16197
1.19415
1.22357
1.25031
1.27442
1.29597
1.31499
1.33154
1.34565
1.35736
1.36669
1.37367
1.37832
1.38064
1.38064
1.37832
1.37367
1.36669
1.35736
1.34565
1.33154
1.31499
1.29597
1.27442
1.25031
1.22357
1.19415
1.16197
1.12696
1.08904
1.04812
1.00412
0.956938
0.906469
0.852605
0.795233
0.734233
0.66948
0.600845
0.528194
0.451389
0.370288
0.284748
0.194619
0.0997534
0.
0.
0.0984933
0.192104
0.280987
0.365296
0.445184
0.520799
0.592287
0.65979
0.723444
0.783382
0.839731
0.892614
0.942145
0.988435
1.03159
1.0717
1.10887
1.14318
1.17471
1.20354
1.22972
1.25333
1.27442
1.29305
1.30924
1.32305
1.33451
1.34365
1.35048
1.35502
1.35729
1.35729
1.35502
1.35048
1.34365
1.33451
1.32305
1.30924
1.29305
1.27442
1.25333
1.22972
1.20354
1.17471
1.14318
1.10887
1.0717
1.03159
0.988435
0.942145
0.892614
0.839731
0.783382
0.723444
0.65979
0.592287
0.520799
0.445184
0.365296
0.280987
0.192104
0.0984933
0.
0.
0.0970772
0.189277
0.27676
0.359687
0.438213
0.512493
0.582676
0.648909
0.711332
0.770081
0.825285
0.87707
0.925553
0.970846
1.01306
1.05228
1.08861
1.12214
1.15294
1.1811
1.20667
1.22972
1.25031
1.26849
1.2843
1.29777
1.30896
1.31787
1.32453
1.32897
1.33118
1.33118
1.32897
1.32453
1.31787
1.30896
1.29778
1.2843
1.26849
1.25031
1.22972
1.20667
1.1811
1.15294
1.12214
1.08861
1.05228
1.01306
0.970846
0.925553
0.87707
0.825285
0.770081
0.711332
0.648909
0.582676
0.512493
0.438213
0.359687
0.27676
0.189277
0.0970772
0.
0.
0.0954992
0.186128
0.272052
0.353439
0.430449
0.503244
0.571977
0.636799
0.697855
0.755284
0.80922
0.859789
0.907112
0.951302
0.992467
1.03071
1.06612
1.09878
1.12879
1.1562
1.1811
1.20354
1.22357
1.24126
1.25664
1.26975
1.28063
1.2893
1.29578
1.30009
1.30225
1.30225
1.30009
1.29578
1.2893
1.28063
1.26975
1.25664
1.24126
1.22357
1.20354
1.1811
1.1562
1.12879
1.09878
1.06612
1.03071
0.992467
0.951302
0.907112
0.859789
0.80922
0.755284
0.697855
0.636799
0.571977
0.503244
0.430449
0.353438
0.272052
0.186128
0.0954992
0.
0.
0.0937531
0.182643
0.266843
0.346527
0.421863
0.493017
0.560149
0.623416
0.682966
0.738943
0.791483
0.840716
0.886764
0.929745
0.969765
1.00693
1.04133
1.07305
1.10218
1.12879
1.15294
1.17471
1.19415
1.2113
1.22621
1.23893
1.24947
1.25787
1.26416
1.26834
1.27043
1.27043
1.26834
1.26416
1.25787
1.24947
1.23893
1.22621
1.2113
1.19415
1.17471
1.15294
1.12879
1.10218
1.07305
1.04133
1.00693
0.969765
0.929744
0.886764
0.840716
0.791483
0.738943
0.682966
0.623416
0.560149
0.493017
0.421863
0.346527
0.266843
0.182643
0.0937531
0.
0.
0.0918316
0.178808
0.261112
0.338923
0.412419
0.481772
0.547149
0.60871
0.666611
0.720999
0.772013
0.819787
0.864446
0.906108
0.944882
0.980871
1.01417
1.04487
1.07305
1.09878
1.12214
1.14318
1.16197
1.17854
1.19295
1.20523
1.21542
1.22353
1.2296
1.23364
1.23565
1.23565
1.23364
1.2296
1.22353
1.21542
1.20523
1.19295
1.17854
1.16197
1.14318
1.12214
1.09878
1.07305
1.04487
1.01417
0.980871
0.944882
0.906108
0.864446
0.819787
0.772013
0.720999
0.666611
0.60871
0.547149
0.481772
0.412419
0.338923
0.261112
0.178808
0.0918316
0.
0.
0.0897262
0.174607
0.254834
0.330596
0.40208
0.469465
0.532924
0.592626
0.64873
0.701389
0.750745
0.796935
0.840087
0.880319
0.917744
0.952465
0.984577
1.01417
1.04133
1.06612
1.08861
1.10887
1.12696
1.14291
1.15677
1.16859
1.17839
1.1862
1.19203
1.19592
1.19786
1.19786
1.19592
1.19203
1.1862
1.17839
1.16859
1.15677
1.14291
1.12696
1.10887
1.08861
1.06612
1.04133
1.01417
0.984577
0.952465
0.917744
0.880319
0.840087
0.796935
0.750745
0.701388
0.64873
0.592626
0.532924
0.469465
0.40208
0.330596
0.254834
0.174607
0.0897262
0.
0.
0.0874273
0.17002
0.247981
0.32151
0.390801
0.456043
0.517418
0.575101
0.629256
0.680041
0.727604
0.772082
0.813607
0.8523
0.888272
0.921628
0.952465
0.980871
1.00693
1.03071
1.05228
1.0717
1.08904
1.10432
1.11761
1.12893
1.13832
1.14579
1.15138
1.1551
1.15696
1.15696
1.1551
1.15138
1.14579
1.13832
1.12893
1.11761
1.10432
1.08904
1.0717
1.05228
1.03071
1.00693
0.980871
0.952465
0.921628
0.888272
0.852299
0.813607
0.772082
0.727604
0.680041
0.629256
0.575101
0.517418
0.456043
0.390801
0.32151
0.247981
0.17002
0.0874273
0.
0.
0.0849241
0.165026
0.240521
0.311621
0.378531
0.441449
0.500566
0.556064
0.608114
0.656878
0.702507
0.745145
0.784922
0.821961
0.856376
0.888272
0.917744
0.944882
0.969765
0.992467
1.01306
1.03159
1.04812
1.0627
1.07537
1.08616
1.09511
1.10224
1.10757
1.11111
1.11288
1.11288
1.11111
1.10757
1.10224
1.09511
1.08616
1.07537
1.0627
1.04812
1.03159
1.01306
0.992467
0.969765
0.944882
0.917744
0.888272
0.856376
0.821961
0.784921
0.745144
0.702507
0.656878
0.608114
0.556064
0.500566
0.441449
0.378531
0.311621
0.240521
0.165026
0.0849241
0.
0.
0.0822037
0.1596
0.232419
0.300884
0.365213
0.425617
0.482295
0.535436
0.585218
0.631809
0.675364
0.716028
0.753934
0.789207
0.821961
0.8523
0.880319
0.906108
0.929745
0.951302
0.970846
0.988435
1.00412
1.01795
1.02997
1.0402
1.04869
1.05544
1.0605
1.06386
1.06553
1.06553
1.06386
1.0605
1.05544
1.04869
1.0402
1.02997
1.01795
1.00412
0.988435
0.970846
0.951302
0.929744
0.906108
0.880319
0.852299
0.821961
0.789207
0.753934
0.716028
0.675364
0.631809
0.585218
0.535436
0.482295
0.425617
0.365213
0.300884
0.232419
0.1596
0.0822037
0.
0.
0.0792515
0.153713
0.22363
0.289243
0.350783
0.408472
0.462521
0.513127
0.560475
0.604737
0.646073
0.684629
0.720542
0.753934
0.784922
0.813607
0.840087
0.864446
0.886765
0.907112
0.925553
0.942145
0.956938
0.969979
0.981305
0.990952
0.998948
1.00532
1.01008
1.01324
1.01482
1.01482
1.01324
1.01008
1.00532
0.998948
0.990952
0.981305
0.969979
0.956938
0.942145
0.925553
0.907112
0.886764
0.864446
0.840087
0.813607
0.784921
0.753934
0.720541
0.684629
0.646073
0.604737
0.560475
0.513127
0.462521
0.408472
0.350783
0.289243
0.22363
0.153713
0.0792515
0.
0.
0.0760505
0.147331
0.214106
0.276635
0.335164
0.389929
0.441151
0.489037
0.533779
0.575553
0.614522
0.650835
0.684629
0.716028
0.745145
0.772083
0.796935
0.819787
0.840716
0.859789
0.87707
0.892614
0.906469
0.91868
0.929284
0.938315
0.945799
0.951759
0.956213
0.959176
0.960655
0.960655
0.959176
0.956213
0.951759
0.945799
0.938315
0.929284
0.91868
0.906469
0.892614
0.87707
0.859789
0.840716
0.819787
0.796935
0.772082
0.745144
0.716028
0.684629
0.650835
0.614522
0.575553
0.533779
0.489037
0.441151
0.389929
0.335164
0.276635
0.214106
0.147331
0.0760505
0.
0.
0.0725805
0.140415
0.203791
0.262988
0.31827
0.36989
0.418079
0.463053
0.505011
0.544135
0.580588
0.614522
0.646073
0.675364
0.702507
0.727604
0.750745
0.772013
0.791483
0.80922
0.825285
0.839732
0.852606
0.863949
0.873799
0.882185
0.889134
0.894668
0.898803
0.901553
0.902926
0.902926
0.901553
0.898803
0.894668
0.889134
0.882185
0.873798
0.863949
0.852605
0.839731
0.825285
0.80922
0.791483
0.772013
0.750745
0.727604
0.702507
0.675364
0.646073
0.614522
0.580588
0.544134
0.505011
0.463053
0.418078
0.36989
0.31827
0.262988
0.203791
0.140415
0.0725805
0.
0.
0.0688176
0.132918
0.192616
0.248215
0.300001
0.348241
0.393181
0.435046
0.474039
0.510347
0.544135
0.575553
0.604737
0.631809
0.656878
0.680041
0.701389
0.720999
0.738943
0.755285
0.770081
0.783382
0.795233
0.805673
0.814737
0.822452
0.828845
0.833936
0.837739
0.840269
0.841531
0.841531
0.840269
0.837739
0.833936
0.828845
0.822452
0.814737
0.805673
0.795233
0.783382
0.770081
0.755284
0.738943
0.720999
0.701388
0.680041
0.656878
0.631809
0.604737
0.575553
0.544134
0.510347
0.474039
0.435046
0.393181
0.348241
0.300001
0.248215
0.192616
0.132918
0.0688176
0.
0.
0.064733
0.124784
0.180501
0.232216
0.280239
0.324854
0.36632
0.404871
0.440715
0.474039
0.505011
0.533779
0.560475
0.585218
0.608114
0.629256
0.64873
0.666611
0.682966
0.697855
0.711332
0.723444
0.734233
0.743736
0.751983
0.759004
0.76482
0.769451
0.772911
0.775212
0.77636
0.77636
0.775212
0.772911
0.769451
0.76482
0.759004
0.751983
0.743735
0.734233
0.723444
0.711332
0.697855
0.682966
0.666611
0.64873
0.629256
0.608114
0.585218
0.560475
0.533779
0.505011
0.474039
0.440715
0.404871
0.36632
0.324854
0.280239
0.232216
0.180501
0.124784
0.064733
0.
0.
0.0602913
0.115945
0.16735
0.214871
0.258845
0.299577
0.337336
0.372363
0.404871
0.435046
0.463053
0.489037
0.513127
0.535436
0.556064
0.575101
0.592626
0.60871
0.623416
0.636799
0.648909
0.65979
0.66948
0.678013
0.685418
0.691721
0.696942
0.701098
0.704203
0.706268
0.707299
0.707299
0.706268
0.704203
0.701098
0.696942
0.691721
0.685418
0.678013
0.66948
0.65979
0.648909
0.636799
0.623416
0.60871
0.592626
0.575101
0.556064
0.535436
0.513127
0.489037
0.463053
0.435046
0.404871
0.372363
0.337335
0.299576
0.258845
0.214871
0.16735
0.115945
0.0602913
0.
0.
0.0554482
0.106316
0.153042
0.196034
0.235656
0.272232
0.306044
0.337336
0.36632
0.393181
0.418079
0.441151
0.462521
0.482295
0.500566
0.517418
0.532924
0.547149
0.560149
0.571977
0.582676
0.592287
0.600845
0.608379
0.614917
0.620481
0.625089
0.628757
0.631497
0.633319
0.634229
0.634229
0.633319
0.631497
0.628757
0.625088
0.62048
0.614917
0.608379
0.600845
0.592287
0.582676
0.571977
0.560149
0.547149
0.532924
0.517418
0.500566
0.482295
0.462521
0.441151
0.418078
0.393181
0.36632
0.337335
0.306043
0.272232
0.235656
0.196034
0.153042
0.106316
0.0554482
0.
0.
0.0501467
0.0957888
0.137431
0.175527
0.210474
0.242613
0.272232
0.299577
0.324854
0.348241
0.36989
0.389929
0.408472
0.425617
0.441449
0.456043
0.469465
0.481772
0.493017
0.503244
0.512493
0.520799
0.528194
0.534703
0.540351
0.545156
0.549136
0.552304
0.554671
0.556244
0.55703
0.557029
0.556244
0.554671
0.552304
0.549136
0.545156
0.540351
0.534703
0.528194
0.520799
0.512493
0.503244
0.493017
0.481772
0.469465
0.456043
0.441449
0.425617
0.408472
0.389929
0.36989
0.348241
0.324854
0.299576
0.272232
0.242613
0.210474
0.175527
0.137431
0.0957888
0.0501467
0.
0.
0.0443107
0.084223
0.120326
0.15313
0.183062
0.210474
0.235656
0.258845
0.280239
0.300001
0.31827
0.335164
0.350783
0.365213
0.378531
0.390801
0.40208
0.412419
0.421863
0.430449
0.438213
0.445184
0.451389
0.45685
0.461588
0.465619
0.468957
0.471614
0.473598
0.474918
0.475576
0.475576
0.474918
0.473598
0.471614
0.468957
0.465619
0.461588
0.45685
0.451389
0.445184
0.438213
0.430449
0.421863
0.412419
0.40208
0.390801
0.378531
0.365213
0.350783
0.335164
0.31827
0.300001
0.280239
0.258845
0.235656
0.210474
0.183062
0.15313
0.120326
0.084223
0.0443107
0.
0.
0.0378339
0.0714275
0.101481
0.128565
0.15313
0.175527
0.196034
0.214871
0.232216
0.248215
0.262988
0.276635
0.289243
0.300884
0.311621
0.32151
0.330596
0.338923
0.346527
0.353439
0.359687
0.365296
0.370289
0.374682
0.378493
0.381735
0.384419
0.386556
0.388152
0.389213
0.389743
0.389743
0.389213
0.388152
0.386556
0.384419
0.381735
0.378493
0.374682
0.370288
0.365296
0.359687
0.353438
0.346527
0.338923
0.330596
0.32151
0.311621
0.300884
0.289243
0.276635
0.262988
0.248215
0.232216
0.214871
0.196034
0.175527
0.15313
0.128565
0.101481
0.0714275
0.0378339
0.
0.
0.0305585
0.057133
0.0805668
0.101481
0.120326
0.137431
0.153042
0.16735
0.180501
0.192616
0.203791
0.214107
0.22363
0.232419
0.240521
0.247981
0.254834
0.261112
0.266843
0.272052
0.276761
0.280987
0.284748
0.288057
0.290927
0.293369
0.295391
0.297
0.298202
0.299001
0.2994
0.2994
0.299001
0.298202
0.297
0.295391
0.293369
0.290927
0.288057
0.284748
0.280987
0.27676
0.272052
0.266843
0.261112
0.254834
0.247981
0.240521
0.232419
0.22363
0.214106
0.203791
0.192616
0.180501
0.16735
0.153042
0.137431
0.120326
0.101481
0.0805668
0.057133
0.0305585
0.
0.
0.0222279
0.0409402
0.057133
0.0714275
0.084223
0.0957888
0.106316
0.115945
0.124784
0.132918
0.140415
0.147331
0.153713
0.1596
0.165026
0.17002
0.174607
0.178808
0.182643
0.186128
0.189277
0.192104
0.194619
0.196832
0.198752
0.200384
0.201736
0.202812
0.203616
0.20415
0.204417
0.204417
0.20415
0.203616
0.202812
0.201736
0.200384
0.198752
0.196832
0.194619
0.192104
0.189277
0.186128
0.182643
0.178808
0.174607
0.17002
0.165026
0.1596
0.153713
0.147331
0.140415
0.132918
0.124784
0.115945
0.106316
0.0957888
0.084223
0.0714275
0.057133
0.0409402
0.0222278
0.
0.
0.0123737
0.0222279
0.0305585
0.0378339
0.0443107
0.0501467
0.0554482
0.0602913
0.064733
0.0688177
0.0725805
0.0760505
0.0792515
0.0822037
0.0849241
0.0874274
0.0897262
0.0918316
0.0937531
0.0954992
0.0970772
0.0984934
0.0997534
0.100862
0.101824
0.102641
0.103319
0.103857
0.10426
0.104528
0.104661
0.104661
0.104528
0.10426
0.103857
0.103319
0.102641
0.101824
0.100862
0.0997534
0.0984933
0.0970772
0.0954992
0.0937531
0.0918316
0.0897262
0.0874273
0.0849241
0.0822037
0.0792515
0.0760505
0.0725805
0.0688176
0.064733
0.0602913
0.0554482
0.0501467
0.0443107
0.0378339
0.0305585
0.0222278
0.0123737
0.
0.
0.
0.
0.
0.
0.
0.
0.
0.
0.
0.
0.
0.
0.
0.
0.
0.
0.
0.
0.
0.
0.
0.
0.
0.
0.
0.
0.
0.
0.
0.
0.
0.
0.
0.
0.
0.
0.
0.
0.
0.
0.
0.
0.
0.
0.
0.
0.
0.
0.
0.
0.
0.
0.
0.
0.
0.
0.
0.
0.
0.
0.
0.
0.
