SUMMARY FOR nx=64
1,0.0670369,1.0000,1.0000
2,0.0427681,1.5675,0.7837
4,0.0533451,1.2567,0.3142
8,0.0738965,0.9072,0.1134
16,0.114427,0.5858,0.0366

SUMMARY FOR nx=128
1,0.350597,1.0000,1.0000
2,0.2069,1.6945,0.8472
4,0.131371,2.6688,0.6672
8,0.143797,2.4381,0.3048
16,0.184048,1.9049,0.1191

SUMMARY FOR nx=256
1,2.31181,1.0000,1.0000
2,1.22224,1.8915,0.9457
4,0.680375,3.3978,0.8495
8,0.449734,5.1404,0.6425
16,0.436892,5.2915,0.3307

SUMMARY FOR nx=512
1,17.3251,1.0000,1.0000
2,8.70983,1.9891,0.9946
4,4.48591,3.8621,0.9655
8,2.43321,7.1203,0.8900
16,1.56929,11.0401,0.6900

SUMMARY FOR nx=1024
1,165.48,1.0000,1.0000
2,77.0059,2.1489,1.0744
4,41.698,3.9685,0.9921
8,27.1817,6.0879,0.7610
16,22.1982,7.4547,0.4659


Threads,Time(s),Speedup,Efficiency